key:     0.999817   -0.0191321  0.000858127   -0.0621561      0.01913     0.999814   0.00241421     0.043515 -0.000904157  -0.00239735     0.999997  -0.00093424
other:    0.999991  0.00305105  0.00301256   0.0122013 -0.00305529    0.999994   0.0014057   0.0249098 -0.00300825 -0.00141489    0.999994   -0.658642
other:    0.999975  0.00218568  0.00668158   0.0302484 -0.00220246    0.999994  0.00250498   0.0390627 -0.00667607 -0.00251963    0.999975    -1.33426
other:     0.99994  0.00226474   0.0107438   0.0319822 -0.00231133    0.999988  0.00432607   0.0307698  -0.0107339 -0.00435064    0.999933    -2.06062
other:    0.999876  0.00114417   0.0156819   0.0449645 -0.00119367    0.999994  0.00314718   0.0881329  -0.0156782 -0.00316551    0.999872    -2.79256
key:    0.999627  -0.0173458   0.0211132  -0.0433046   0.0172282    0.999835  0.00573836    0.132822  -0.0212093 -0.00537247    0.999761    -3.52567
other:    0.999485  -0.0196186   0.0254049  -0.0401505   0.0194581    0.999789  0.00655158    0.151178  -0.0255281 -0.00605388    0.999656    -4.28748
other:    0.999294    -0.02255   0.0300425  -0.0364987   0.0223322    0.999722  0.00756299    0.143958  -0.0302047 -0.00688674     0.99952     -5.0673
other:    0.999096  -0.0236697   0.0353127  -0.0808652   0.0234777    0.999707  0.00584088    0.161976  -0.0354406 -0.00500653    0.999359    -5.86816
other:    0.998928  -0.0220812   0.0406957   -0.139146   0.0219564    0.999753  0.00350966    0.162803  -0.0407632 -0.00261236    0.999165    -6.66167
other:    0.998771  -0.0217735   0.0445295   -0.156333   0.0217766    0.999763 0.000415657    0.201146   -0.044528 0.000554555    0.999008    -7.48691
