key:     0.999817   -0.0191327  0.000858228   -0.0621605    0.0191306     0.999814   0.00241433    0.0435145 -0.000904261  -0.00239747     0.999997 -0.000935574
other:    0.999991  0.00305108  0.00301254   0.0122017 -0.00305533    0.999994  0.00140569   0.0249104 -0.00300823 -0.00141488    0.999994   -0.658642
other:    0.999975  0.00218574  0.00668159   0.0302477 -0.00220251    0.999994  0.00250488   0.0390657 -0.00667608 -0.00251953    0.999975    -1.33426
other:     0.99994  0.00226495   0.0107438   0.0319827 -0.00231154    0.999988  0.00432581    0.030775  -0.0107339 -0.00435038    0.999933    -2.06062
other:    0.999876  0.00114426   0.0156818   0.0449666 -0.00119375    0.999994  0.00314684   0.0881423  -0.0156781 -0.00316518    0.999872    -2.79256
key:    0.999627  -0.0173463   0.0211132  -0.0433043   0.0172287    0.999835  0.00573809    0.132831  -0.0212092 -0.00537219    0.999761    -3.52567
other:      0.99967 -0.000507442    0.0256689  -0.00623366   0.00040778     0.999992    0.0038877     0.118932   -0.0256707  -0.00387595     0.999663     -4.31804
other:     0.999534  -0.00346759     0.030338 -0.000834965   0.00331939     0.999982   0.00493409     0.112085   -0.0303546  -0.00483109     0.999528     -5.10261
other:    0.999104  -0.0238357   0.0349861  -0.0694924    0.023639    0.999702  0.00602484    0.156838  -0.0351192 -0.00519241     0.99937    -5.86769
other:   0.998933 -0.0220891  0.0405601  -0.133141  0.0219487   0.999751 0.00390341    0.14938 -0.0406363  -0.003009   0.999169   -6.66692
other:    0.998771  -0.0217734   0.0445283   -0.156296   0.0217766    0.999763 0.000414549    0.201172  -0.0445268 0.000555635    0.999008    -7.48691
