key:     0.999391   -0.0349042 -0.000349695   -0.0664564    0.0349048     0.999389   0.00192588     0.156598   0.00028226  -0.00193692     0.999998     0.067268
other:    0.999992  0.00220989  0.00333612 0.000860162 -0.00221714    0.999995  0.00217294  0.00914197  -0.0033313 -0.00218032    0.999992   -0.675356
other:    0.999975  0.00134811  0.00698606   0.0185865 -0.00137225    0.999993  0.00345255   0.0163384 -0.00698136 -0.00346205     0.99997     -1.3512
other:     0.99994   0.0015469    0.010867   0.0252765 -0.00160119    0.999986  0.00498868   0.0124443  -0.0108591 -0.00500578    0.999929    -2.06803
other:     0.999871 -1.03649e-05    0.0160424    0.0157684 -7.97978e-05     0.999984   0.00561962    0.0138295   -0.0160422  -0.00562018     0.999856      -2.8001
other:     0.999788  0.000668891    0.0205762   0.00450441 -0.000783066     0.999984   0.00554137    0.0254008   -0.0205721  -0.00555631     0.999773     -3.54694
other:     0.99969 -0.00123318   0.0248548  0.00869016  0.00106581    0.999977  0.00674593   0.0252294  -0.0248625 -0.00671735    0.999668    -4.29863
other:    0.999551 -0.00363171   0.0297398 0.000905597  0.00341172    0.999966   0.0074447   0.0240743  -0.0297658 -0.00733989     0.99953    -5.07106
other:    0.999421 -0.00398839   0.0337775 -0.00321608  0.00378976    0.999975  0.00594262   0.0309743  -0.0338003 -0.00581117    0.999412    -5.86639
other:    0.999278 -0.00289897   0.0378881 -0.00838498  0.00277613    0.999991  0.00329455   0.0496227  -0.0378973 -0.00318698    0.999277    -6.66643
other:     0.999138  -0.00205996    0.0414588    -0.034296   0.00203605     0.999998  0.000619001    0.0687146     -0.04146 -0.000534055      0.99914     -7.43232
other:     0.99901 -0.00247253   0.0444285  -0.0895936  0.00242376    0.999996  0.00115174   0.0644415  -0.0444312 -0.00104291    0.999012    -8.13756
other:    0.998909 -0.00245148   0.0466259   -0.112051  0.00239737    0.999996  0.00121633   0.0756364  -0.0466287 -0.00110322    0.998912     -8.9304
other:     0.998832 -0.000296323    0.0483141    -0.141717  0.000224024     0.999999   0.00150184    0.0927001   -0.0483145  -0.00148927     0.998831     -9.71728
other:     0.998714 -0.000549584     0.050693    -0.179801  0.000504383     0.999999  0.000904453     0.105705   -0.0506935 -0.000877721     0.998714     -10.5233
other:    0.998648   0.0032192   0.0518853   -0.152612 -0.00327128    0.999994 0.000918885   0.0978057  -0.0518821 -0.00108737    0.998653     -11.441
other:    0.998571  0.00148689   0.0534264   -0.164132 -0.00167353    0.999993  0.00344889   0.0661462  -0.0534208 -0.00353337    0.998566    -12.2838
other:    0.998495   0.0020754   0.0548088   -0.168494 -0.00241826    0.999978  0.00619001   0.0238923  -0.0547948 -0.00631323    0.998478    -13.1404
other:    0.998408 -0.00311385   0.0563222   -0.167646  0.00266123    0.999964   0.0081095   0.0124013  -0.0563454  -0.0079467     0.99838    -14.0648
other:    0.998348 -0.00265124   0.0574015   -0.162549  0.00220805    0.999967  0.00778293   0.0239234  -0.0574202 -0.00764332    0.998321     -14.946
other:     0.998285  0.000124303    0.0585411    -0.152585 -0.000483897     0.999981   0.00612846     0.047888   -0.0585392  -0.00614628     0.998266     -15.8363
other:    0.998208 -0.00186619   0.0598126   -0.167166  0.00161175    0.999989  0.00430187   0.0994651    -0.05982 -0.00419775      0.9982    -16.7335
key:    0.997179  -0.0448256   0.0602112    -0.25294   0.0445294    0.998989  0.00625339    0.377074  -0.0604306 -0.00355458    0.998166    -17.6558
other:    0.997979   -0.012805   0.0622332   -0.221844   0.0124882    0.999907  0.00547687    0.196527  -0.0622976 -0.00468862    0.998047    -18.5596
other:    0.997927  -0.0106028   0.0634769   -0.243611    0.010249     0.99993  0.00589551    0.195984   -0.063535 -0.00523271    0.997966    -19.4858
other:    0.997881  -0.0114198   0.0640553    -0.24793   0.0111463    0.999927  0.00462519    0.222069  -0.0641035 -0.00390141    0.997936    -20.3968
other:     0.997888    -0.012575    0.0637331    -0.222921    0.0125122     0.999921    0.0013841     0.295734   -0.0637455 -0.000583731     0.997966     -21.3217
other:     0.99793  -0.0138083   0.0628059   -0.201506   0.0139913    0.999899 -0.00247446    0.403204  -0.0627654  0.00334808    0.998023    -22.2121
other:    0.998074  -0.0122605   0.0608155   -0.139074   0.0125918    0.999908 -0.00506697    0.459099  -0.0607478  0.00582299    0.998136    -23.1365
other:    0.998194 -0.00785632   0.0595528  -0.0989452  0.00825057    0.999946 -0.00637726    0.475498  -0.0594995  0.00685709    0.998205    -24.0768
other:    0.998251 -0.00903095   0.0584297  -0.0775741  0.00925065    0.999951  -0.0034908    0.419022  -0.0583954  0.00402521    0.998285    -25.0122
other:    0.998317  -0.0103233   0.0570709 -0.00700541   0.0102453    0.999946   0.0016585    0.297061   -0.057085   -0.001071    0.998369    -25.9536
other:    0.998421 -0.00892529   0.0554598   0.0534191  0.00869043    0.999952  0.00447457    0.213908  -0.0554971 -0.00398554    0.998451    -26.9001
key:     0.99781  -0.0348192   0.0562333  -0.0821514   0.0346726    0.999392  0.00358113    0.479365  -0.0563238 -0.00162353    0.998411    -27.9044
other:     0.99839  -0.0066107   0.0563359   -0.030158   0.0067097    0.999976 -0.00156822    0.412007  -0.0563242  0.00194369    0.998411    -28.8004
other:    0.998365 -0.00230675   0.0571122  -0.0477953  0.00260769    0.999983  -0.0051953    0.524148  -0.0570992  0.00533573    0.998354    -29.7604
other:    0.998291   0.0050627    0.058214  -0.0829154 -0.00477454    0.999976  -0.0050881    0.525844  -0.0582384  0.00480146    0.998291    -30.7336
other:    0.998169  0.00710615    0.060063     -0.1431 -0.00703133    0.999974 -0.00145706    0.423065  -0.0600718  0.00103207    0.998194    -31.7028
other:    0.998089  0.00649873   0.0614561   -0.171882 -0.00666859    0.999974  0.00255934    0.295361  -0.0614379 -0.00296428    0.998107    -32.6752
other:    0.997986  0.00465016   0.0632608    -0.22273 -0.00489509    0.999981  0.00371727     0.26328  -0.0632423 -0.00401945     0.99799    -33.6553
other:    0.997918   0.0040796   0.0643714   -0.288768   -0.004259    0.999987  0.00265012     0.30176  -0.0643598 -0.00291876    0.997922    -34.6084
other:     0.997855   0.00130153    0.0654556    -0.318691  -0.00132154     0.999999  0.000262454     0.398301   -0.0654552 -0.000348393     0.997855     -35.6275
other:    0.997731  0.00234048   0.0672923   -0.399256 -0.00226054    0.999997 -0.00126397     0.47359   -0.067295  0.00110899    0.997733    -36.6531
other:      0.99766   0.00118592    0.0683586    -0.439152 -0.000898654     0.999991  -0.00423291     0.612462   -0.0683629   0.00416158     0.997652     -37.6559
key:    0.997443  -0.0237268   0.0674155   -0.411874   0.0242974    0.999675 -0.00765636    0.971701  -0.0672119  0.00927481    0.997696    -38.6828
other:    0.997656 -0.00165015   0.0684031   -0.399303  0.00229064    0.999954 -0.00928606    0.808757  -0.0683846  0.00942099    0.997615    -39.6958
other:    0.997629 -0.00692409   0.0684794    -0.40919    0.007525    0.999935   -0.008521    0.831219   -0.068416   0.0090161    0.997616     -40.688
other:    0.997638 -0.00634416   0.0683986    -0.39579  0.00681408    0.999955 -0.00663921     0.74969  -0.0683534   0.0070896    0.997636    -41.6866
other:    0.997617 -0.00887269   0.0684286   -0.386341    0.009182    0.999949  -0.0042069    0.665971  -0.0683878  0.00482518    0.997647    -42.6779
other:    0.997538 -0.00712545   0.0697582   -0.444548  0.00743103    0.999964 -0.00412205    0.661285  -0.0697264  0.00463028    0.997555    -43.6464
other:    0.997492 -0.00660175   0.0704766   -0.456161  0.00697722    0.999963 -0.00508273    0.721032  -0.0704404  0.00556171      0.9975    -44.6177
other:    0.997477 -0.00649382   0.0706978     -0.4352  0.00693532    0.999958 -0.00600117    0.768825  -0.0706559  0.00647634     0.99748    -45.5811
other:    0.997395 -0.00722505   0.0717757   -0.508923  0.00744948    0.999968 -0.00285956     0.63508  -0.0717527   0.0033868    0.997417    -46.5247
other:     0.997359  -0.00667426    0.0723288    -0.511144   0.00663582     0.999978  0.000771811     0.480168   -0.0723323 -0.000289811     0.997381     -47.5199
other:    0.997288 -0.00812235   0.0731481     -0.5509   0.0079937    0.999966  0.00205143     0.43824  -0.0731622 -0.00146115    0.997319    -48.4336
key:    0.996828  -0.0309951   0.0733028   -0.617857   0.0313005    0.999505 -0.00302034    0.945874  -0.0731729  0.00530517    0.997305    -49.3157
other:    0.997314 -0.00404523   0.0731387    -0.51803  0.00439878    0.999979 -0.00467349    0.777671  -0.0731183  0.00498266    0.997311    -50.3653
other:    0.997297 -0.00249763   0.0734293   -0.527304  0.00289727    0.999982 -0.00533652    0.826235  -0.0734147  0.00553484    0.997286    -51.3308
other:    0.997221 -0.00536199   0.0743023   -0.612912  0.00565499    0.999977 -0.00373352    0.795605  -0.0742806  0.00414333    0.997229    -52.2833
other:    0.997202 -0.00240629   0.0747213   -0.630219  0.00259318    0.999994 -0.00240427     0.72066  -0.0747151  0.00259131    0.997202    -53.2527
other:     0.997169 -0.000243446    0.0751944    -0.628789  0.000535117     0.999992  -0.00385877     0.802858   -0.0751929   0.00388808     0.997161     -54.2124
other:    0.997036  0.00175071   0.0769187   -0.765593 -0.00109983    0.999963 -0.00850353     1.08591  -0.0769308  0.00839373    0.997001      -55.09
other:    0.996996  0.00212545   0.0774215   -0.799268 -0.00109992    0.999911  -0.0132863     1.36774  -0.0774429   0.0131612     0.99691    -56.0375
other:    0.996947 -0.00174676   0.0780554   -0.869079  0.00297563    0.999873  -0.0156301      1.5623  -0.0780182   0.0158147    0.996826    -56.9425
other:     0.996793 -0.000871573    0.0800222     -1.00158   0.00181642     0.999929   -0.0117353      1.32954   -0.0800063     0.011843     0.996724     -57.9164
other:     0.99667 -0.00410597   0.0814353    -1.07633  0.00440444    0.999984 -0.00348579    0.880209  -0.0814197  0.00383286    0.996673    -58.8979
key:   0.996338 -0.0233582  0.0822533   -1.15313  0.0235328   0.999722 -0.0011535   0.936349 -0.0822035 0.00308492   0.996611   -59.8248
other:     0.996443   -0.0126705    0.0833146     -1.19294    0.0126159      0.99992   0.00118188     0.665998   -0.0833228 -0.000126594     0.996523      -60.716
other:     0.99632  -0.0148719   0.0844127    -1.25209   0.0150133    0.999887 -0.00104068      0.8298  -0.0843877  0.00230417     0.99643    -61.6065
other:    0.996145  -0.0199831   0.0854194    -1.30985   0.0202855    0.999791 -0.00267466    0.982087  -0.0853481  0.00439713    0.996341    -62.4965
other:    0.996057  -0.0210516   0.0861863    -1.34774    0.021312    0.999771 -0.00210148    0.959874  -0.0861222  0.00392999    0.996277    -63.3633
other:   0.995938 -0.0218256  0.0873509   -1.39979  0.0221367   0.999752  -0.002594   0.999386 -0.0872725 0.00451712   0.996174   -64.2142
other:    0.995808  -0.0222122   0.0887342    -1.48646   0.0225737     0.99974 -0.00307211     1.05018  -0.0886429  0.00506229    0.996051    -65.0333
other:    0.995601  -0.0222998   0.0910072     -1.6652   0.0227297    0.999735 -0.00368964     1.11039  -0.0909008  0.00574197    0.995843    -65.8108
other:    0.995501  -0.0224575    0.092047    -1.71716   0.0229884    0.999725 -0.00471077     1.19596  -0.0919159  0.00680558    0.995744    -66.6429
other:    0.995301  -0.0245171   0.0936784     -1.8303   0.0253236    0.999652 -0.00743022     1.40114  -0.0934636  0.00976758    0.995575    -67.4294
other:   0.995167 -0.0249341  0.0949808   -1.91544  0.0261228   0.999595 -0.0112924    1.68047 -0.0946607   0.013719   0.995415   -68.2139
other:   0.994906 -0.0278951  0.0968702   -2.04848  0.0291838   0.999503 -0.0119116    1.72946 -0.0964898   0.014678   0.995226   -69.0152
other:    0.994768  -0.0302658   0.0975714    -2.06436   0.0311577    0.999485 -0.00763001     1.45101  -0.0972903   0.0106302    0.995199    -69.7386
key:    0.99419 -0.0444159  0.0980514    -2.1209  0.0450683   0.998974 -0.0044483     1.3734 -0.0977532 0.00884147   0.995171   -70.4306
other:    0.994472  -0.0307794    0.100392     -2.2549   0.0303958    0.999524  0.00534917    0.559896   -0.100509 -0.00226811    0.994934    -71.1898
other:    0.994312  -0.0355672     0.10039    -2.24471   0.0351348    0.999364  0.00607315    0.557508   -0.100542 -0.00251144     0.99493    -71.8819
other:    0.994157  -0.0380402    0.101022    -2.28349   0.0379366    0.999276  0.00294703    0.804031   -0.101061 0.000902609     0.99488    -72.5579
other:    0.994038  -0.0380364    0.102186     -2.3558   0.0381515    0.999272 0.000828639     0.97158   -0.102144  0.00307486    0.994765     -73.202
other:     0.994016   -0.0353575     0.103349     -2.43948    0.0351435     0.999375   0.00389197     0.739909    -0.103422 -0.000236628     0.994638     -73.8243
other:    0.994222  -0.0276802    0.103709    -2.47435   0.0269756    0.999603   0.0081905    0.393468   -0.103895 -0.00534556    0.994574    -74.4474
other:   0.994406  -0.023971   0.102865   -2.41138  0.0227916    0.99966  0.0126266  0.0449308  -0.103133 -0.0102116   0.994615   -75.0456
other:     0.9947 -0.0264868   0.099346   -2.13663  0.0253213   0.999595  0.0129739  0.0414769 -0.0996494 -0.0103895   0.994968   -75.6408
other:    0.994978   -0.031404   0.0950411    -1.79967   0.0305418    0.999478   0.0105134    0.260854  -0.0953217 -0.00755784    0.995418    -76.2239
other:    0.995524   -0.029206   0.0898853    -1.38383   0.0287257    0.999565  0.00663243    0.572026    -0.09004 -0.00402072     0.99593    -76.7912
other:    0.996119   -0.024994    0.084391   -0.965251   0.0249113    0.999688  0.00203348    0.916106  -0.0844155 7.66981e-05    0.996431    -77.3285
other:    0.996906  -0.0208878   0.0757822   -0.300899   0.0210473    0.999778 -0.00130554     1.15719  -0.0757381   0.0028965    0.997124    -77.8734
other:   0.997611 -0.0234426   0.064979   0.536397  0.0235761   0.999721 -0.0012892    1.19444 -0.0649307 0.00281807   0.997886   -78.3953
other:    0.998379  -0.0281254    0.049475     1.76345   0.0282095    0.999602 -0.00100178     1.21651  -0.0494271  0.00239582    0.998775    -78.8763
other:    0.998968  -0.0328405   0.0313703     3.18652    0.032922    0.999456 -0.00208654     1.34433  -0.0312847  0.00311716    0.999506    -79.3329
other:    0.999505  -0.0301296  0.00910145     4.94491    0.030166    0.999537 -0.00387903     1.49891 -0.00898037  0.00415166    0.999951    -79.7237
other:    0.999496   -0.026879  -0.0168723     7.00384   0.0268048     0.99963 -0.00460988     1.53388     0.01699   0.0041553    0.999847    -80.0553
key:   0.998261 -0.0358162 -0.0468105    9.36603  0.0353205   0.999311 -0.0113724    2.15039  0.0471855 0.00969921   0.998839   -80.2615
other:   0.996489 -0.0260939 -0.0795586    11.9896  0.0255244   0.999641 -0.0081667    1.83214  0.0797431 0.00610734   0.996797   -80.3585
other:    0.992556  -0.0319359   -0.117527     15.0103    0.031017    0.999472 -0.00963971     1.99919    0.117772  0.00592263    0.993023    -80.2764
other:   0.986727 -0.0326811  -0.159068    18.3342  0.0314892   0.999454 -0.0100086    2.03808   0.159308 0.00486686   0.987217   -80.0191
other:   0.978308 -0.0329277  -0.204524    21.9875  0.0315012   0.999451 -0.0102274     2.0616   0.204748 0.00356283   0.978808   -79.5232
other:    0.966534  -0.0349747   -0.254144     25.9934   0.0337257    0.999388 -0.00927116     2.00586    0.254313 0.000389692    0.967122    -78.7256
other:    0.950886  -0.0348362   -0.307576     30.3165   0.0342243    0.999387 -0.00738478     1.86463    0.307645  -0.0035045    0.951495    -77.5523
other:    0.930896  -0.0347921   -0.363624      34.844   0.0350099    0.999369 -0.00599403     1.75548    0.363603 -0.00715062    0.931526    -76.0264
other:    0.906622  -0.0340128    -0.42057     39.4444   0.0348932    0.999375 -0.00560354     1.73475    0.420498 -0.00959472    0.907243    -74.1159
other:    0.877089  -0.0331706   -0.479181     44.1979   0.0355283     0.99936 -0.00414843     1.61267    0.479012  -0.0133859    0.877707    -71.7495
other:    0.842689  -0.0297364   -0.537578     48.9408   0.0339161    0.999422 -0.00211766     1.44709    0.537331  -0.0164481    0.843211    -69.0021
other:    0.807436  -0.0275284   -0.589313     53.0898   0.0320175    0.999483 -0.00282029     1.53241    0.589086  -0.0165912      0.8079    -66.1969
key:    0.765869  -0.0392063     -0.6418     57.3589   0.0350373    0.999201  -0.0192288     3.01929    0.642041 -0.00776017    0.766631    -62.8629
other:    0.724746   -0.026865   -0.688493     61.1136   0.0314634    0.999488 -0.00587996     1.78773    0.688298  -0.0174008     0.72522    -59.5651
other:    0.679452  -0.0252783   -0.733284     64.7411   0.0306943    0.999511 -0.00601489     1.79809    0.733078  -0.0184208    0.679895    -55.9304
other:    0.632096  -0.0239546    -0.77452     68.1023    0.031984    0.999477 -0.00480957     1.71914     0.77423  -0.0217321    0.632531    -52.1355
other:     0.585315   -0.0173145    -0.810621      71.0318    0.0293643     0.999569 -0.000147621      1.31718     0.810274   -0.0237169     0.585571     -48.3937
other:    0.538636  -0.0179828   -0.842347     73.6077   0.0314802    0.999504 -0.00120799     1.41823    0.841951  -0.0258666    0.538934    -44.6683
other:    0.491114  -0.0209718   -0.870843     75.9289   0.0344302    0.999396 -0.00465065     1.72731    0.870414  -0.0276993     0.49154    -40.9041
other:    0.445606  -0.0213843   -0.894974     77.8964   0.0363926    0.999321 -0.00575769     1.83806    0.894489  -0.0300048    0.446081    -37.2823
other:   0.403806 -0.0129567  -0.914753    79.5104  0.0336989   0.999432 0.00071983    1.27844   0.914224 -0.0311168   0.404013   -34.0026
other:   0.364668 0.00321713  -0.931132    80.8553  0.0262305   0.999562  0.0137265   0.145718   0.930768 -0.0294296   0.364424   -30.9426
other:    0.329453  0.00728687   -0.944144     81.9245   0.0225357    0.999625   0.0155788 -0.00782914    0.943903  -0.0264094    0.329165    -28.2233
other:   0.295792  0.0052814  -0.955238    82.8575  0.0268379   0.999544  0.0138368   0.150006   0.954875 -0.0297294   0.295515   -25.6729
other:    0.26494 -0.0030168   -0.96426    83.6199  0.0339894   0.999403 0.00621218   0.816749   0.963666 -0.0344205   0.264884   -23.3787
other:    0.23651 -0.0053866  -0.971614    84.2584  0.0377252   0.999282 0.00364309    1.04623   0.970896  -0.037516   0.236544    -21.325
other:   0.211332 -0.0013962  -0.977413    84.7714  0.0393435   0.999201 0.00707934   0.742688   0.976622  -0.039951   0.211218   -19.5712
other:   0.187817 0.00835598  -0.982169    85.2063  0.0406268   0.999042  0.0162685 -0.0688759   0.981363 -0.0429579   0.187297   -17.9174
other:  0.167911 0.0148079 -0.985691    85.519 0.0466235  0.998649 0.0229448 -0.655582  0.984699 -0.049809  0.166994  -16.5622
key:    0.147165 -0.00330846   -0.989106     85.7766    0.054706    0.998491  0.00479964    0.939391    0.987598  -0.0548164    0.147124    -15.1878
other:   0.130292  0.0125059  -0.991397     86.053   0.054376   0.998325  0.0197396  -0.398376   0.989984 -0.0564801   0.129393   -14.1537
other:     0.1147    0.01078  -0.993342    86.2613  0.0500321   0.998609  0.0166143  -0.104645   0.992139 -0.0516046   0.114001   -13.2726
other:   0.100235  0.0115106  -0.994897    86.4403  0.0467564   0.998774  0.0162661 -0.0531062   0.993865 -0.0481482  0.0995735   -12.4887
other:  0.0867485  0.0144198  -0.996126    86.6005   0.044266   0.998852  0.0183142   -0.21573   0.995246 -0.0456832  0.0860106   -11.7941
other:  0.0750083  0.0172036  -0.997034    86.7219  0.0435039   0.998843  0.0205077  -0.395828   0.996233 -0.0449131  0.0741731   -11.2565
other:  0.0647712  0.0201168  -0.997697    86.8275  0.0441992   0.998758  0.0230077   -0.61317   0.996921 -0.0455877  0.0638016   -10.8763
other:  0.0570335  0.0229661  -0.998108    86.9042  0.0447077   0.998674  0.0255338  -0.835363   0.997371 -0.0460794  0.0559311   -10.7249
other:  0.0512855  0.0242184   -0.99839    86.9642  0.0451531   0.998627  0.0265436  -0.923382   0.997663 -0.0464417  0.0501215   -10.7664
other:  0.0453011  0.0239396  -0.998686    87.0366  0.0460936   0.998598  0.0260283  -0.870059   0.997909 -0.0472122  0.0441341   -10.8069
other:  0.0392936  0.0244807  -0.998928    87.0998  0.0466812   0.998563   0.026308  -0.895185   0.998137 -0.0476649  0.0380944   -10.8804
other:  0.0353889  0.0266597  -0.999018    87.1241  0.0468967   0.998499  0.0283071   -1.07734   0.998273 -0.0478524  0.0340855     -11.13
other:  0.0327579  0.0288009  -0.999048    87.1448   0.046816   0.998443  0.0303186   -1.24402   0.998366 -0.0477646  0.0313585   -11.4948
other:  0.0305974  0.0298339  -0.999086    87.1261  0.0465701   0.998426  0.0312404   -1.31867   0.998446 -0.0474834  0.0291599   -11.9696
other:   0.028172  0.0327014  -0.999068    87.1647  0.0460575   0.998361   0.033977   -1.54975   0.998541 -0.0469717  0.0266197   -12.3551
other:  0.0279137  0.0377036  -0.998899    87.1477  0.0454634   0.998206  0.0389479   -1.96741   0.998576 -0.0465005  0.0261495   -12.9232
other:  0.0304954   0.041832  -0.998659    87.0338  0.0447128   0.998067  0.0431725    -2.3184   0.998534 -0.0459694   0.028566   -13.6709
other:  0.0331863  0.0432074  -0.998515     86.986  0.0445808   0.998007  0.0446671   -2.44157   0.998454 -0.0459969   0.031194   -14.5842
other:  0.0371473  0.0449168    -0.9983    86.9191  0.0439297    0.99795  0.0465357   -2.56436   0.998344 -0.0455837  0.0350979   -15.6353
other:  0.0416365  0.0466663  -0.998042    86.8462  0.0433372   0.997884  0.0484669   -2.71966   0.998193 -0.0452703   0.039526    -16.742
other:  0.0459784  0.0483611  -0.997771    86.7598   0.041581   0.997869  0.0502819   -2.85408   0.998077 -0.0438002  0.0438695   -17.8305
other:   0.049706   0.046927  -0.997661    86.7031  0.0392883   0.998031  0.0489018   -2.66363   0.997991 -0.0416271  0.0477645   -18.8592
other:  0.0538908  0.0439301   -0.99758    86.6343  0.0369684   0.998259  0.0459571   -2.35807   0.997862 -0.0393556   0.052173   -20.0242
other:  0.0579231  0.0449897  -0.997307    86.5716  0.0364794   0.998221  0.0471497   -2.47477   0.997654 -0.0391122  0.0561789   -21.2601
other:  0.0624653  0.0426449  -0.997136     86.461  0.0381031   0.998256  0.0450798   -2.34421    0.99732 -0.0408098  0.0607315   -22.5396
other:  0.0652221   0.040839  -0.997035    86.4265  0.0425755   0.998138  0.0436694   -2.31128   0.996962 -0.0452974  0.0633619   -23.5924
other:  0.0663798  0.0365267  -0.997126    86.4257  0.0482931   0.998041  0.0397752   -2.08439   0.996625 -0.0507946  0.0644857    -24.524
other:  0.0669755  0.0307156  -0.997282     86.361  0.0500374   0.998165  0.0341032   -1.55122   0.996499 -0.0521855  0.0653156   -25.2716
other:   0.067534  0.0277811   -0.99733    86.3258    0.04918   0.998304  0.0311385   -1.25784   0.996504 -0.0511516  0.0660532   -26.1228
other: 0.0677693 0.0249638 -0.997389   86.3071 0.0468689  0.998504 0.0281763 -0.908954    0.9966 -0.048656 0.0664979  -26.9844
other:  0.0678518  0.0259193  -0.997359    86.2965  0.0458032   0.998528  0.0290658   -0.95839   0.996643 -0.0476543  0.0665647   -27.8832
other:  0.0678884  0.0209039  -0.997474    86.3023   0.044358   0.998729  0.0239492  -0.426798   0.996706 -0.0458719  0.0668748   -28.7247
other:  0.0689725  0.0180864  -0.997455    86.2221  0.0442029   0.998798  0.0211673  -0.149712   0.996639 -0.0455503  0.0680902   -29.6191
other:  0.0713956  0.0161259  -0.997318    86.0517   0.044648   0.998815  0.0193464 0.00571145   0.996448 -0.0459095   0.070591   -30.6066
other:  0.0701803  0.0139936  -0.997436    86.0941  0.0458999   0.998797  0.0172423   0.175147   0.996478 -0.0469923  0.0694536   -31.3579
key:  0.0652396 -0.0139165  -0.997773    86.1517  0.0453049   0.998913 -0.0109701    2.82212   0.996841 -0.0444883  0.0657991   -31.9977
other:  0.0640158  0.0107247  -0.997891    86.2837   0.044853   0.998901  0.0136129   0.541435    0.99694 -0.0456298  0.0634644   -32.6142
other:  0.0578609 0.00283866  -0.998321    86.4871  0.0424108   0.999086 0.00529889    1.38022   0.997423 -0.0426461  0.0576877   -32.9355
other:   0.0514528 0.000887544   -0.998675     86.7007   0.0403837     0.99918   0.0029686     1.65704    0.997859  -0.0404829   0.0513748    -33.1963
other:    0.044348 0.000590998   -0.999016     86.9294   0.0405323    0.999175  0.00239039     1.71897    0.998194  -0.0405985   0.0442875    -33.3748
other:  0.0356756 0.00163163  -0.999362    87.2228  0.0417181   0.999125 0.00312051    1.62351   0.998492 -0.0418028  0.0355763   -33.4335
other:  0.0258394 0.00230409  -0.999663    87.5535   0.041848   0.999118 0.00338453    1.60689    0.99879 -0.0419214  0.0257202   -33.3678
other:  0.0151792 0.00212475  -0.999883    87.9178  0.0402896   0.999184  0.0027349    1.73973   0.999073 -0.0403264  0.0150812   -33.2359
other:  0.00529472 0.000803442   -0.999986      88.209     0.03861    0.999254  0.00100729     1.97581     0.99924  -0.0386148  0.00525974    -33.1101
other: -0.00590628   0.0038814   -0.999975     88.5991   0.0378011    0.999279  0.00365543     1.78608    0.999268  -0.0377786 -0.00604874    -32.9235
other: -0.0172858 0.00525879  -0.999837    88.9842  0.0380904   0.999264 0.00459725    1.70549   0.999125 -0.0380047 -0.0174734   -32.6895
other: -0.0288496 0.00661971  -0.999562    89.3853  0.0396008   0.999201 0.00547435    1.55748   0.998799 -0.0394256 -0.0290887   -32.4868
key: -0.0400337 -0.0144151  -0.999094    89.6057  0.0412417    0.99902 -0.0160666    3.54801   0.998347 -0.0418476    -0.0394   -32.3269
other: -0.0498429 0.00821324  -0.998723    90.0595  0.0421681   0.999092  0.0061118     1.4346   0.997866 -0.0418097 -0.0501439   -32.0291
other: -0.0587886 0.00497935  -0.998258    90.2952   0.042638   0.999088 0.00247249    1.77765   0.997359 -0.0424184 -0.0589473    -32.036
other:  -0.068731 0.00534325  -0.997621    90.6163  0.0433123   0.999059 0.00236696    1.76651   0.996695 -0.0430466 -0.0688977   -31.9009
other: -0.0775026 0.00637066  -0.996972    90.8796   0.042881   0.999076 0.00305062    1.75412    0.99607 -0.0425147 -0.0777041   -31.8348
other: -0.0862709 0.00800901   -0.99624    91.1648  0.0419981   0.999108 0.00439518    1.69019   0.995386  -0.041461 -0.0865303   -31.7489
other: -0.0939639 0.00872739  -0.995537    91.4086  0.0408713   0.999152 0.00490144    1.69373   0.994736 -0.0402283  -0.094241   -31.7645
other: -0.0990089  0.0106938  -0.995029    91.5636  0.0389129   0.999219 0.00686689    1.62036   0.994325 -0.0380396 -0.0993477   -32.0341
other:   -0.10195  0.0132432  -0.994701    91.6399  0.0370248   0.999269 0.00950919    1.49252     0.9941 -0.0358591  -0.102366   -32.4551
other:  -0.104297   0.015783  -0.994421    91.7157  0.0359569    0.99928  0.0120889    1.31826   0.993896 -0.0344955  -0.104789   -32.9442
other:  -0.106031  0.0147021  -0.994254    91.7595  0.0345942    0.99934  0.0110881    1.48729   0.993761 -0.0332197   -0.10647   -33.4575
other:  -0.106884  0.0146534  -0.994163    91.7975  0.0344985   0.999344  0.0110207    1.52506   0.993673 -0.0331192   -0.10732   -34.0923
key:    -0.104858   0.00343687    -0.994481      91.6524    0.0391186     0.999234 -0.000671357      2.43947     0.993718   -0.0389731    -0.104912     -35.1963
other:  -0.102483  0.0174305  -0.994582    91.6537  0.0377529   0.999194  0.0136212    1.16062   0.994018 -0.0361524  -0.103059   -35.8679
other: -0.0981791   0.013185  -0.995081    91.4939  0.0385511   0.999212 0.00943612    1.51358   0.994422 -0.0374351 -0.0986101   -36.9682
other: -0.0903157  0.0127806  -0.995831    91.2148  0.0390462   0.999194 0.00928251    1.52384   0.995147 -0.0380451  -0.090742   -38.3009
other: -0.0793746  0.0108651  -0.996786    90.7917   0.038724   0.999219 0.00780805    1.68489   0.996092 -0.0379797 -0.0797334   -39.8667
other: -0.0654574 0.00942865  -0.997811    90.2295  0.0384226   0.999238 0.00692158    1.79856   0.997115 -0.0378854 -0.0657697   -41.6864
other: -0.0480399 0.00902458  -0.998805    89.4982  0.0399504   0.999176 0.00710643    1.71453   0.998046 -0.0395613 -0.0483609   -43.7799
other: -0.0266113   0.007157   -0.99962     88.552  0.0424089   0.999082 0.00602417     1.7002   0.998746 -0.0422325 -0.0268904   -46.2271
other: -0.00207876   0.0037213   -0.999991     87.4032   0.0452396     0.99897  0.00362345     1.78543    0.998974  -0.0452317 -0.00224496    -48.9258
other:  0.0265846 0.00041017  -0.999646    85.9665  0.0465935   0.998913 0.00164898     1.9082    0.99856 -0.0466209  0.0265366   -51.9225
other:    0.0600641  -0.00278632    -0.998191       84.184     0.045519     0.998963 -4.94705e-05      2.12971     0.997156   -0.0454336    0.0601287      -55.288
other:   0.0987975 -0.00365707   -0.995101     81.9821    0.043204    0.999066 0.000617821     2.19368    0.994169  -0.0430533   0.0988633    -59.0174
other:     0.141381  -0.00579865    -0.989938      79.3865    0.0399942       0.9992 -0.000140992      2.42033     0.989147   -0.0395719       0.1415     -62.9958
other:     0.18717 -0.00909619   -0.982286     76.3878   0.0355346    0.999365 -0.00248342     2.87003    0.981685  -0.0344403    0.187374    -67.1161
key:   0.236104 -0.0255169  -0.971393     72.835  0.0375453   0.999148 -0.0171204     4.1324   0.971002  -0.032429   0.236861   -71.4614
other:   0.287847 -0.0229197  -0.957402    68.9591  0.0296712   0.999447 -0.0150054    4.31088   0.957217  -0.024088   0.288368   -75.7001
other:   0.342655 -0.0244976  -0.939142    64.5003  0.0293878    0.99945 -0.0153483    4.36577   0.939001 -0.0223401   0.343187    -80.041
other:   0.400814  -0.022744  -0.915877    59.4025  0.0310733   0.999454 -0.0112209    3.90233   0.915632 -0.0239618   0.401302   -84.4473
other:    0.458968  -0.0234626   -0.888143     53.8909   0.0361048    0.999318 -0.00774157     3.31337    0.887719  -0.0285131    0.459502    -88.5784
key:    0.515863  -0.0356348    -0.85593     47.9761    0.052963     0.99855 -0.00965203      2.5862    0.855032  -0.0403535    0.517002    -92.4307
other:    0.577385  -0.0248777   -0.816093     41.1494   0.0421267    0.999112 -0.00065218     2.36879    0.815384  -0.0340027    0.577921    -96.1647
other:    0.631995  -0.0306917   -0.774365     34.4712   0.0467257    0.998907 -0.00145644     2.17839    0.773563  -0.0352623    0.632738    -99.2224
other:    0.68433  -0.031334  -0.728499    27.5285  0.0469139   0.998898 0.00110509     1.9379   0.727662  -0.034933   0.685046   -101.833
other:   0.732974 -0.0301618  -0.679588     20.485   0.043832   0.999035  0.0029356    1.94391   0.678843 -0.0319394   0.733588   -103.912
other:    0.777245  -0.0325822   -0.628354     13.4477   0.0408734    0.999164 -0.00125132      2.4934    0.627869  -0.0247104    0.777927     -105.54
other:   0.817811 -0.0335726  -0.574506    6.34833  0.0367416   0.999306  -0.006095    3.16332   0.574312 -0.0161237   0.818477   -106.672
other:    0.853496  -0.0357984   -0.519869    -0.58446   0.0346695    0.999328  -0.0118954     3.81112    0.519945 -0.00787088    0.854163    -107.307
other:     0.88383  -0.0359301   -0.466426    -7.13078   0.0313702    0.999354  -0.0175398     4.51239    0.466755 0.000870361    0.884386     -107.51
other:   0.908686 -0.0389773  -0.415657   -13.1658  0.0321365   0.999209 -0.0234436    5.02145   0.416242 0.00794509   0.909219   -107.377
other:   0.928422 -0.0396667  -0.369404   -18.5128   0.032012   0.999127 -0.0268308    5.35881   0.370146  0.0130849   0.928881   -106.962
other:   0.943002   -0.04657  -0.329512   -23.0252  0.0383655   0.998772 -0.0313615    5.42713   0.330568  0.0169321    0.94363   -106.559
other:   0.954336 -0.0498064  -0.294555   -26.8925  0.0425511   0.998613 -0.0309938    5.16351    0.29569  0.0170448   0.955132   -106.076
other:   0.963152 -0.0529424  -0.263696   -30.2747  0.0462414   0.998432 -0.0315586     5.0081   0.264954   0.018202   0.964089   -105.653
other:   0.969093 -0.0469627  -0.242185   -32.5866  0.0408234   0.998707 -0.0303085    5.21599   0.243295   0.019485   0.969757   -105.408
other:    0.97304 -0.0422033  -0.226744    -34.212  0.0363611   0.998892 -0.0298824    5.45181   0.227753  0.0208321   0.973496   -105.269
other:   0.975795 -0.0450238  -0.214004   -35.5667  0.0395116    0.99877 -0.0299679    5.28993    0.21509  0.0207868   0.976373   -105.292
other:   0.977288 -0.0535426  -0.205038   -36.4968  0.0478884   0.998326 -0.0324434    5.04753   0.206432  0.0218876   0.978216   -105.445
key:   0.976641 -0.0786128   -0.19998    -36.997  0.0722006   0.996621 -0.0391695    4.27809   0.202383  0.0238159   0.979017   -105.786
other:   0.978445 -0.0660552  -0.195658    -37.506  0.0614955   0.997677  -0.029295    3.96735   0.197139  0.0166314   0.980235   -106.208
other:   0.978576 -0.0665177  -0.194844   -37.5949  0.0624572   0.997685 -0.0269168    3.68767   0.196184  0.0141707   0.980465   -106.723
other:    0.97816 -0.0654056  -0.197296    -37.347  0.0619396   0.997799 -0.0236941    3.38613   0.198412  0.0109561   0.980058   -107.297
other:    0.97745 -0.0624117  -0.201732   -36.8568  0.0602347   0.998041 -0.0169186    2.81899   0.202393 0.00438577   0.979295   -108.048
other:    0.976586  -0.0621583   -0.205952    -36.3932   0.0609069    0.998066   -0.012417     2.33554    0.206326 -0.00041762    0.978483    -108.789
other:     0.975313   -0.0675172    -0.210253     -35.9091    0.0660329     0.997718   -0.0140802      2.19342     0.210724 -0.000151034     0.977546      -109.54
other:   0.973854 -0.0713248  -0.215686   -35.2902  0.0688305   0.997446 -0.0190638    2.53688   0.216495 0.00371956   0.976277   -110.337
other:   0.973083 -0.0683106    -0.2201   -34.7944  0.0646945   0.997626 -0.0236041    3.24473    0.22119 0.00872945   0.975192   -111.075
other:   0.972471 -0.0656082  -0.223597   -34.4074  0.0607396   0.997744 -0.0285901    3.99024   0.224968  0.0142218   0.974262   -111.823
other:   0.971766 -0.0646676  -0.226913   -34.0421  0.0586743   0.997729  -0.033066    4.57545   0.228536  0.0188184   0.973354   -112.532
other:   0.971375 -0.0602627  -0.229782   -33.7234  0.0541237   0.997991 -0.0329325    4.85047   0.231305  0.0195531   0.972685   -113.264
other:   0.971642 -0.0554925  -0.229854   -33.7371  0.0500822   0.998315 -0.0293104    4.74085   0.231093  0.0169676   0.972784   -113.886
other:   0.971888 -0.0522588  -0.229569   -33.7696  0.0485295   0.998582 -0.0218645    4.07573   0.230386   0.010109   0.973047   -114.597
other:   0.971944 -0.0535154  -0.229045   -33.8209  0.0512975   0.998561 -0.0156303    3.26233   0.229552 0.00344231    0.97329   -115.315
other:    0.972386   -0.056047   -0.226548    -34.1165   0.0545614    0.998428   -0.012819     2.78655    0.226911 0.000104269    0.973916     -115.95
other:   0.973068 -0.0554701  -0.223746   -34.4613   0.053059    0.99845 -0.0167784    3.28713    0.22433 0.00445475   0.974503    -116.58
other:   0.973645 -0.0522502  -0.222001   -34.6836  0.0481146   0.998553 -0.0240001    4.38475   0.222934  0.0126861   0.974751     -117.2
other:   0.973974 -0.0549613  -0.219897   -34.9066  0.0495261   0.998317 -0.0301582    4.97329   0.221184  0.0184827   0.975057   -117.921
other:   0.974296 -0.0572595  -0.217871   -35.1489  0.0519783   0.998201 -0.0298993    4.80384   0.219191  0.0178063    0.97552   -118.647
other:   0.974381 -0.0624673  -0.216053   -35.3588  0.0581484   0.997962 -0.0262956    4.04476   0.217255  0.0130588   0.976028   -119.428
other:   0.975302 -0.0618532  -0.212038   -35.8558  0.0587689   0.998054 -0.0208241    3.40889   0.212913 0.00784862    0.97704   -120.132
other:   0.976204 -0.0600819  -0.208365   -36.3093  0.0577315   0.998181 -0.0173486    3.08135   0.209029 0.00490655   0.977897   -120.824
other:   0.976446 -0.0616396  -0.206771   -36.3783   0.058876   0.998075 -0.0194983     3.2907   0.207575 0.00686515   0.978195   -121.769
other:   0.977337 -0.0580796  -0.203564   -36.7624  0.0550041   0.998271 -0.0207383    3.67195   0.204416 0.00907144   0.978842   -122.469
other:   0.977826 -0.0573494  -0.201412   -37.0517   0.053779   0.998284 -0.0231587    4.04276   0.202395  0.0118135   0.979233   -123.514
other:     0.9782 -0.0542863  -0.200444   -37.1626  0.0503682   0.998428 -0.0245995    4.41368   0.201464  0.0139672   0.979396   -124.328
other:   0.978543 -0.0499536  -0.199896   -37.2465  0.0459946   0.998644 -0.0244035    4.64869   0.200844  0.0146857   0.979513   -125.334
other:   0.978639 -0.0504514  -0.199302   -37.3036  0.0460975   0.998587 -0.0264291    4.89555   0.200354  0.0166772   0.979582   -126.067
other:   0.978212 -0.0556129  -0.200021   -37.1944   0.051668   0.998354 -0.0248926      4.357   0.201076  0.0140155   0.979475   -127.037
other:   0.977625 -0.0633055  -0.200604   -37.1209  0.0598523   0.997937 -0.0232386    3.65062   0.201661  0.0107121   0.979397   -127.846
other:   0.976934 -0.0721827   -0.20097   -37.0766  0.0687418   0.997344 -0.0240573    3.22687   0.202173  0.0096874   0.979302   -128.628
other:    0.97601 -0.0776415  -0.203413   -36.7514  0.0739399    0.99693 -0.0257457    3.09864   0.204788  0.0100877   0.978754   -129.661
other:   0.975054 -0.0819575  -0.206282   -36.3558  0.0777189   0.996566 -0.0285818    3.19748   0.207916  0.0118368   0.978075   -130.593
key:   0.971754  -0.107232  -0.210228   -35.7788   0.102085   0.994152 -0.0352173    2.36053   0.212775  0.0127614   0.977018   -131.609
other:   0.973748 -0.0850377  -0.211147   -35.6904  0.0812804   0.996341 -0.0264268    2.70754   0.212622 0.00857093   0.977097   -132.461
other:   0.973994 -0.0787702  -0.212439    -35.524  0.0748319   0.996843 -0.0265285    3.13602   0.213858 0.00994136   0.976814    -133.36
other:   0.974529 -0.0708263  -0.212782   -35.4888  0.0673613   0.997452 -0.0234998    3.24827   0.213905 0.00856791   0.976817   -134.225
other:   0.974269 -0.0698072  -0.214305   -35.2696  0.0663267   0.997524 -0.0233979     3.3144   0.215407 0.00858175   0.976487   -135.139
other:   0.973769 -0.0724624  -0.215691   -35.0694  0.0682918   0.997307 -0.0267363    3.61095   0.217048   0.011305   0.976096   -136.043
other:   0.973342 -0.0755357  -0.216564   -34.9414  0.0699992   0.996997 -0.0331343    4.31683   0.218416  0.0170918   0.975706   -136.939
other:   0.972999 -0.0793522   -0.21674   -34.9244  0.0727771   0.996618 -0.0381644    4.79276   0.219036  0.0213602   0.975483   -137.782
other:   0.972955 -0.0766521  -0.217907   -34.7635  0.0715494   0.996948 -0.0312239    3.99827   0.219635  0.0147883    0.97547   -138.699
other:    0.973313  -0.0700195   -0.218539    -34.6758   0.0681485    0.997545  -0.0160972      2.3007     0.21913 0.000774484    0.975695    -139.609
other:    0.973607  -0.0665234    -0.21832    -34.7056   0.0667064    0.997751 -0.00654079     1.16192    0.218264 -0.00819517    0.975855    -140.406
other:   0.973641 -0.0670538  -0.218007   -34.7203   0.065149   0.997749 -0.0159218    2.49594   0.218584 0.00129922   0.975817   -141.248
other:   0.973883 -0.0663393  -0.217143   -34.8245  0.0598776   0.997549 -0.0362109    5.49956   0.219013  0.0222632   0.975468    -142.04
other:   0.974143 -0.0655297  -0.216219   -34.9414  0.0558468   0.997156 -0.0505997    7.67667    0.21892  0.0372163   0.975033   -142.792
other:   0.973891 -0.0700262  -0.215948   -34.9414  0.0614543   0.997042 -0.0461651    6.75052   0.218542  0.0316889   0.975313   -143.669
other:   0.973929 -0.0741931  -0.214376   -35.1653  0.0689995   0.997115 -0.0316196    4.34158   0.216104  0.0160034   0.976239   -144.475
other:   0.974331 -0.0714768  -0.213471   -35.2918  0.0680381   0.997408 -0.0234218    3.30374   0.214591 0.00829644   0.976669   -145.274
key:   0.972299 -0.0951144  -0.213512    -35.262  0.0912701   0.995438 -0.0278142    2.24611   0.215184 0.00755642   0.976544    -146.25
other:   0.975658 -0.0668641  -0.208854   -35.9624  0.0634453   0.997719 -0.0230336    3.58068   0.209918 0.00922212   0.977675   -146.793
