key:     0.998917   -0.0465184  8.65867e-05   -0.0509176    0.0465149     0.998862    0.0105815   -0.0420104 -0.000578721    -0.010566     0.999944    -0.241573
other:    0.999991  0.00305105  0.00301256   0.0122013 -0.00305529    0.999994   0.0014057   0.0249098 -0.00300825 -0.00141489    0.999994   -0.658642
other:    0.999975  0.00218568  0.00668158   0.0302484 -0.00220246    0.999994  0.00250498   0.0390627 -0.00667607 -0.00251963    0.999975    -1.33426
other:     0.99994  0.00226474   0.0107438   0.0319822 -0.00231133    0.999988  0.00432607   0.0307698  -0.0107339 -0.00435064    0.999933    -2.06062
other:    0.999876  0.00114417   0.0156819   0.0449645 -0.00119367    0.999994  0.00314718   0.0881329  -0.0156782 -0.00316551    0.999872    -2.79256
key:   0.998339 -0.0536754  0.0209369  -0.106464  0.0533497   0.998451  0.0158172   0.037248 -0.0217534 -0.0146739   0.999656   -3.75634
other:    0.999485  -0.0196186   0.0254048  -0.0401493   0.0194581    0.999789  0.00655159    0.151178   -0.025528 -0.00605388    0.999656    -4.28748
other:    0.999294  -0.0225501   0.0300424  -0.0364966   0.0223324    0.999722  0.00756288     0.14396  -0.0302046 -0.00688662     0.99952     -5.0673
other:    0.999096  -0.0236698   0.0353126  -0.0808623   0.0234778    0.999707   0.0058407    0.161979  -0.0354406 -0.00500635    0.999359    -5.86816
other:    0.998928  -0.0220814   0.0406957   -0.139144   0.0219567    0.999753   0.0035096    0.162806  -0.0407631 -0.00261229    0.999165    -6.66167
other:    0.998771  -0.0217737   0.0445297   -0.156342   0.0217768    0.999763 0.000415522    0.201151  -0.0445281 0.000554702    0.999008    -7.48691
other:    0.998623  -0.0220338   0.0476186   -0.169233   0.0220188    0.999757 0.000838957    0.213675  -0.0476256 0.000210706    0.998865     -8.3398
other:     0.998662   -0.0214004    0.0470727   -0.0660559    0.0213552     0.999771   0.00146347     0.206374   -0.0470932 -0.000456261      0.99889     -9.17946
key:    0.996744  -0.0635571   0.0496196    -0.25031    0.063011    0.997935   0.0124939    0.141179  -0.0503112 -0.00932664     0.99869    -10.1822
other:    0.998444  -0.0195248   0.0522326   -0.232981   0.0194438    0.999809  0.00205812    0.197072  -0.0522628 -0.00103932    0.998633    -10.8163
other:    0.998411  -0.0207537   0.0523848   -0.188189   0.0207285    0.999785  0.00102404    0.270383  -0.0523948 6.34504e-05    0.998626    -11.6943
other:    0.998228  -0.0233764   0.0547224   -0.217777   0.0232079    0.999724  0.00371184    0.247756  -0.0547941 -0.00243526    0.998495     -12.553
other:    0.998126  -0.0243905   0.0561196   -0.230295   0.0240647    0.999689  0.00647321    0.217333  -0.0562601 -0.00511057    0.998403    -13.4088
other:    0.997919  -0.0285724    0.057797   -0.244489   0.0281319    0.999569  0.00841979    0.197965  -0.0580126 -0.00677633    0.998293    -14.2702
other:   0.998104 -0.0229351  0.0571142 -0.0449926  0.0224359   0.999704 0.00936677   0.100128 -0.0573122 -0.0080676   0.998324   -15.4319
other:    0.998177   -0.017897   0.0576351  -0.0147032   0.0175113    0.999821  0.00718906    0.116525  -0.0577534 -0.00616669    0.998312    -16.3192
key:   0.995677 -0.0687858  0.0624181  -0.397064  0.0678488   0.997551  0.0170113  0.0929464 -0.0634354 -0.0127027   0.997905   -17.0626
other:    0.997985  -0.0185876   0.0606646   -0.169132   0.0182373    0.999814  0.00632315    0.141151  -0.0607708 -0.00520405    0.998138    -17.9645
other:    0.997856   -0.018985   0.0626405   -0.217884   0.0185981    0.999804  0.00675268    0.154651  -0.0627564 -0.00557321    0.998013     -18.845
other:    0.997797  -0.0163439   0.0642908   -0.280479    0.015922    0.999848  0.00706895    0.156707  -0.0643966 -0.00602974    0.997906    -19.7004
other:    0.997681  -0.0169203   0.0659309   -0.353106   0.0166136    0.999848  0.00519775    0.215598  -0.0660089 -0.00409034    0.997811    -20.5791
other:     0.997715   -0.0186203    0.0649473    -0.267953    0.0185166     0.999826   0.00219766     0.287947   -0.0649769 -0.000990027     0.997886      -21.609
key:    0.994772  -0.0780332   0.0658715   -0.476607   0.0775929    0.996942  0.00921983    0.432878  -0.0663896 -0.00406047    0.997786    -22.4033
other:    0.997741   -0.024865   0.0624132   -0.239558   0.0251783    0.999674 -0.00423752    0.546062  -0.0622875  0.00579941    0.998041    -23.3989
other:    0.997851  -0.0253852   0.0604004   -0.183715   0.0257128    0.999659 -0.00465255    0.571568  -0.0602617  0.00619561    0.998163    -24.3279
other:    0.997921  -0.0254825   0.0592054   -0.153899   0.0256242     0.99967 -0.00163514    0.500908  -0.0591442  0.00314883    0.998244    -25.2713
other:     0.99793  -0.0278579   0.0579638   -0.108399    0.027751    0.999611  0.00264816     0.43024  -0.0580151 -0.00103413    0.998315    -26.2325
other:     0.99803  -0.0269707   0.0566494  -0.0682146   0.0267207     0.99963  0.00516556    0.374312  -0.0567678 -0.00364166    0.998381    -27.1814
other:    0.997977  -0.0284433   0.0568599   -0.143509   0.0282729    0.999593  0.00380086    0.456501  -0.0569449 -0.00218557    0.998375    -28.0719
other:     0.998039   -0.0248618    0.0574408     -0.14491    0.0249477     0.999688 -0.000779107     0.576501   -0.0574036   0.00221059     0.998349     -29.0622
key:    0.994742  -0.0829843   0.0600138   -0.395369   0.0827536     0.99655  0.00632363    0.714463  -0.0603316 -0.00132402    0.998178    -29.8204
other:     0.99799  -0.0212444    0.059697   -0.250671   0.0214001    0.999769 -0.00196932    0.668354  -0.0596414  0.00324289    0.998215    -30.9038
other:     0.997936   -0.0188395    0.0613892    -0.300749     0.018759     0.999822   0.00188711     0.544768   -0.0614138 -0.000731619     0.998112      -31.898
other:    0.997909   -0.018969   0.0617812   -0.271753    0.018572    0.999803  0.00699286    0.348138  -0.0619017 -0.00583084    0.998065    -32.8661
other:    0.997677  -0.0194171   0.0652917   -0.440477   0.0189167    0.999787  0.00827358    0.288147  -0.0654385 -0.00701926    0.997832    -33.8146
other:      0.9975  -0.0196009   0.0678998   -0.618773   0.0191669    0.999792  0.00703846    0.335829  -0.0680236 -0.00571944    0.997667    -34.7291
other:    0.997354  -0.0190688   0.0701558   -0.769974   0.0187214    0.999809  0.00560545    0.326684  -0.0702493 -0.00427721     0.99752    -35.6448
key:     0.99331  -0.0922808   0.0694256   -0.786729    0.091806    0.995727   0.0100044    0.798317  -0.0700521 -0.00356381    0.997537    -36.4715
other:    0.997083  -0.0306795   0.0698876   -0.605292    0.030685    0.999529 0.000994198    0.691057  -0.0698851   0.0011532    0.997554    -37.6585
other:    0.997122  -0.0283688   0.0703082   -0.619107   0.0285549    0.999591 -0.00164329    0.771862  -0.0702328  0.00364621    0.997524     -38.675
other:    0.996918  -0.0338344   0.0707851   -0.631893   0.0341751    0.999409 -0.00360631    0.874522  -0.0706213  0.00601428    0.997485     -39.639
other:    0.996949  -0.0339559   0.0702797   -0.584586   0.0342538    0.999409 -0.00303786    0.870621  -0.0701349  0.00543594    0.997523    -40.5941
other:    0.996992   -0.033186   0.0700364   -0.556668   0.0333529    0.999443 -0.00121497     0.79042  -0.0699571  0.00354724    0.997544    -41.6127
other:    0.996945  -0.0358585   0.0693867   -0.511316   0.0358787    0.999356 0.000954942    0.723973  -0.0693763  0.00153748    0.997589     -42.554
other:   0.996865 -0.0348866  0.0710123    -0.6398   0.034874   0.999391 0.00141791   0.695161 -0.0710185 0.00106301   0.997474   -43.4241
other:    0.996782  -0.0327209   0.0731716   -0.775802   0.0327444    0.999463 0.000878366    0.709746  -0.0731611  0.00152042    0.997319    -44.3572
other:    0.996801  -0.0318671    0.073296   -0.744824   0.0320241    0.999487 -0.00096769    0.812329  -0.0732275  0.00331183     0.99731    -45.3624
key:     0.99169   -0.105343   0.0738562   -0.941975     0.10495    0.994435  0.00919278    0.936539  -0.0744136 -0.00136521    0.997227    -46.3514
other:    0.995971  -0.0472325     0.07623   -0.929721   0.0467351    0.998873  0.00829668    0.544155  -0.0765359 -0.00470064    0.997056    -47.3823
other:    0.995852  -0.0487294   0.0768357   -0.946732   0.0481303    0.998795  0.00963034     0.49823  -0.0772124 -0.00589227    0.996997    -48.3728
other:    0.995883  -0.0483342   0.0766922   -0.926123   0.0480185    0.998829  0.00595563    0.698698  -0.0768902 -0.00224847    0.997037    -49.3295
other:   0.995925 -0.0470182  0.0769624  -0.934451  0.0469589   0.998893 0.00258054   0.891258 -0.0769986 0.00104405   0.997031   -50.2894
other:   0.995968 -0.0446076  0.0778279  -0.976358  0.0446414   0.999002 0.00130593    0.96575 -0.0778085 0.00217368   0.996966   -51.2371
other:   0.996149 -0.0411474  0.0774166  -0.964476  0.0411098   0.999152 0.00207921   0.933507 -0.0774365 0.00111138   0.996997    -52.072
other:    0.996322  -0.0365578   0.0775039   -0.938225   0.0364269    0.999332  0.00310175    0.854645  -0.0775655 -0.00026711    0.996987    -53.0034
key:    0.992966  -0.0904604   0.0763944   -0.865278   0.0899678    0.995896  0.00987176      0.8189  -0.0769738 -0.00292928    0.997029     -54.192
other:     0.996319   -0.0361393    0.0777284    -0.819542    0.0363178      0.99934 -0.000883377      1.13585   -0.0776451   0.00370305     0.996974      -54.967
other:   0.996289 -0.0370046  0.0777099  -0.803365  0.0375679   0.999277 -0.0057992    1.44612 -0.0774392 0.00869708   0.996959   -55.9097
other:    0.996101  -0.0403947   0.0784316   -0.835459   0.0411513     0.99912 -0.00805303     1.62644  -0.0780373   0.0112492    0.996887    -56.8436
other:    0.995845  -0.0429244   0.0803192   -0.942658   0.0433896     0.99905 -0.00405473     1.44192  -0.0800689  0.00752291    0.996761    -57.7699
other:    0.995637  -0.0461112   0.0811239    -0.95277   0.0459891    0.998936  0.00337366       1.064  -0.0811931 0.000371873    0.996698    -58.6944
other:    0.995588   -0.046997   0.0812118   -0.930455   0.0465537    0.998889  0.00734447    0.856293  -0.0814667 -0.00353136     0.99667     -59.529
key:    0.990733   -0.107407   0.0831351    -1.22662    0.106226     0.99417   0.0185091    0.330923  -0.0846384 -0.00950639    0.996366       -60.7
other:    0.994487  -0.0629032    0.083898    -1.12725    0.062633    0.998019  0.00585091     1.10756  -0.0840998 -0.00056387    0.996457    -61.3773
other:   0.994213 -0.0645512   0.085871   -1.27747  0.0644133   0.997914 0.00437793    1.22229 -0.0859744 0.00117865   0.996297   -62.2155
other:   0.994026 -0.0671589  0.0860371   -1.24172  0.0670058   0.997742 0.00466911    1.24287 -0.0861564 0.00112377   0.996281    -63.117
other:   0.993866 -0.0685765  0.0867627   -1.25445  0.0686096    0.99764 0.00260336    1.44303 -0.0867365 0.00336537   0.996226   -63.9426
other:   0.993866 -0.0666262  0.0882642   -1.33997  0.0666255   0.997774 0.00295662    1.38402 -0.0882647 0.00294217   0.996093   -64.7607
other:   0.993708 -0.0673425  0.0894998   -1.41513  0.0673839   0.997724 0.00256153    1.42931 -0.0894686 0.00348544   0.995984   -65.5825
other:   0.993553 -0.0675163  0.0910665   -1.52463  0.0676579   0.997707 0.00153507    1.51645 -0.0909614 0.00463619   0.995844   -66.3924
key:   0.988568  -0.119069  0.0924991   -1.75686   0.118655   0.992885 0.00998901    1.02481 -0.0930304 0.00110063   0.995663   -67.3636
other:     0.99204  -0.0843626   0.0934868    -1.71286   0.0851973    0.996352 -0.00496718     2.13629  -0.0927267   0.0128925    0.995608    -67.9657
other:    0.991726  -0.0863353   0.0950076    -1.78858   0.0872828    0.996166 -0.00585519     2.20618  -0.0941379   0.0140993    0.995459    -68.7678
other:    0.991301  -0.0898242   0.0961992    -1.86472   0.0903888    0.995905 -0.00151927     1.94167  -0.0956688   0.0102014    0.995361    -69.5265
other:   0.991091 -0.0901898  0.0980061   -2.00287  0.0900458    0.99592 0.00590126    1.43218 -0.0981385 0.00297635   0.995168   -70.2526
other:    0.990951  -0.0899633    0.099614    -2.11745   0.0892426    0.995941   0.0116768     1.03183    -0.10026 -0.00268131    0.994958    -70.9512
other:    0.990874  -0.0906748   0.0997319    -2.11029    0.089839    0.995873   0.0128498    0.958227   -0.100486 -0.00377271    0.994931    -71.6497
other:     0.990601   -0.0929588     0.100337     -2.14208    0.0924427      0.99567   0.00979106      1.19733    -0.100813 -0.000423623     0.994905     -72.3304
other:   0.990597 -0.0921025   0.101163   -2.17943  0.0918378   0.995747 0.00728004    1.38986  -0.101404 0.00207903   0.994843   -73.0004
other:     0.990602   -0.0898848     0.103092     -2.34766    0.0893159     0.995952     0.010131      1.18658    -0.103585 -0.000827981      0.99462     -73.6323
other:    0.991328  -0.0819501    0.102727    -2.29606   0.0809012    0.996619   0.0143426    0.842368   -0.103555 -0.00590743    0.994606    -74.2454
other:   0.991798 -0.0779088   0.101329   -2.16721  0.0764014   0.996902  0.0186792    0.49928   -0.10247 -0.0107844   0.994678   -74.8162
other:   0.991929  -0.080442  0.0980074   -1.90882  0.0789226   0.996694  0.0192888   0.471342  -0.099235 -0.0113982   0.994999   -75.4126
other:    0.991884  -0.0852768   0.0943103    -1.64857   0.0840542    0.996318   0.0168684    0.687908  -0.0954016 -0.00880433      0.9954    -76.0007
key:   0.988643  -0.121152  0.0889236   -1.26789   0.119286   0.992519  0.0260339 -0.0594396 -0.0914124 -0.0151309   0.995698   -76.6817
other:    0.992441  -0.0911747   0.0821483   -0.681503   0.0906961    0.995833  0.00954635     1.34754  -0.0826764 -0.00202365    0.996574    -77.1532
other:    0.993484  -0.0863596   0.0743806   -0.085765   0.0861756    0.996264  0.00568535     1.63398  -0.0745936 0.000761485    0.997214    -77.6854
other:     0.993895   -0.0899202    0.0639248     0.716834    0.0897067     0.995949   0.00620773      1.62141    -0.064224 -0.000435355     0.997935     -78.2037
other:    0.994276   -0.095094     0.04871     1.90371   0.0948767    0.995466  0.00675849     1.61982  -0.0491318 -0.00209836     0.99879    -78.6929
other:    0.994522  -0.0999851   0.0304906     3.33225   0.0998401    0.994984  0.00624454     1.69513  -0.0309621 -0.00316614    0.999516    -79.1397
other:    0.995131  -0.0981983  0.00847908     5.06122   0.0981533    0.995156  0.00557895     1.74328 -0.00898585 -0.00471953    0.999948    -79.5248
other:    0.995338  -0.0948753  -0.0173517      7.0912   0.0949612    0.995472  0.00418863     1.84548   0.0168757 -0.00581683    0.999841    -79.8433
other:    0.994568   -0.092968  -0.0468031     9.42047   0.0931533     0.99565  0.00179062     2.04911    0.046433 -0.00614076    0.998903    -80.0564
other:     0.992395   -0.0930904   -0.0805417      12.1078    0.0933922     0.995629 -2.01773e-05       2.2045    0.0801916  -0.00750194     0.996751     -80.1601
other:     0.988626   -0.0934778    -0.117813       15.064    0.0940458     0.995568 -0.000740646      2.26843      0.11736   -0.0103476     0.993036     -80.1051
other:     0.982654   -0.0936974    -0.160039      18.4525    0.0947626     0.995499 -0.000980285      2.29643     0.159411   -0.0142025      0.98711     -79.8245
other:   0.974164 -0.0928794  -0.205859    22.1393  0.0946317   0.995511 -0.0013393    2.33388   0.205059 -0.0181761   0.978581   -79.3073
key:   0.961197  -0.113154  -0.251586    25.7354   0.120135   0.992679   0.012511    1.13722   0.248329 -0.0422499   0.967754    -78.694
other:   0.945904  -0.103072   -0.30764    30.3003   0.109056   0.994033 0.00227311    2.17633    0.30557 -0.0357001     0.9515   -77.5437
other:   0.926123  -0.101156  -0.363404    34.8025   0.109998   0.993925 0.00365994    2.06607   0.360827 -0.0433631   0.931624   -76.0151
other:   0.901728 -0.0982306  -0.420996    39.4625   0.110217   0.993899 0.00416692    2.03664   0.418018 -0.0501582   0.907053   -74.0895
other:   0.872699 -0.0944009  -0.479046    44.1596    0.11104   0.993795 0.00644853    1.83885   0.475464 -0.0588207   0.877766   -71.7746
other:   0.839826  -0.087658  -0.535731    48.7454   0.109513   0.993944 0.00904299    1.61809   0.531694  -0.066264    0.84434   -69.1045
other:   0.803043 -0.0828246  -0.590137    53.1491   0.108836   0.994023 0.00859239    1.67531   0.585897 -0.0711283   0.807258   -66.1208
other:   0.762571  -0.078147  -0.642167     57.371   0.107849   0.994142 0.00709101    1.81022   0.637851 -0.0746647   0.766532   -62.8567
other:   0.721454 -0.0705602  -0.688858    61.1401   0.106662   0.994246 0.00986726    1.53186   0.684198 -0.0805934   0.724829   -59.5337
other:   0.678007 -0.0633554   -0.73232     64.645   0.106727   0.994206  0.0127999    1.25581   0.727266 -0.0868369   0.680841   -56.0408
key:    0.63216 -0.0552246  -0.772867    67.9173   0.115723   0.992999  0.0237008   0.277089   0.766147  -0.104421   0.634125   -52.3244
other:    0.58446 -0.0426123  -0.810303         71   0.106055   0.994065  0.0242202   0.305937   0.804462  -0.100093   0.585511   -48.5222
other:   0.537511 -0.0384777  -0.842378    73.6144   0.108047   0.993867  0.0235463   0.371372   0.836306  -0.103673   0.538372   -44.7864
other:   0.489923 -0.0366461  -0.870995    75.9512   0.111085   0.993596  0.0206796   0.626429   0.864659  -0.106886   0.490856   -41.0273
other:   0.444932 -0.0334671  -0.894939    77.9047   0.113902   0.993301  0.0194825   0.738589   0.888292  -0.110604   0.445763   -37.4592
other:  0.403857 -0.020679 -0.914588   79.5266  0.111443  0.993411 0.0267491  0.105705  0.908009 -0.112727  0.403501    -34.16
other:    0.365856 -0.00184468   -0.930669     80.8712    0.103542    0.993871   0.0387337    -0.93225    0.924894   -0.110535    0.363805    -31.0708
other:   0.331393 0.00764361  -0.943462    81.9386  0.0995704     0.9941  0.0430282   -1.30712   0.938224    -0.1082   0.328676   -28.4047
other:  0.297878  0.012661  -0.95452   82.8892  0.103709  0.993564 0.0455436  -1.53523  0.948954 -0.112559  0.294648  -25.8615
key:     0.267837 -0.000468939    -0.963464      83.5625     0.115397     0.992817    0.0315965    -0.166546     0.956528    -0.119644     0.265967     -23.7956
other:   0.239396 0.00729713  -0.970895    84.2521   0.117765   0.992371  0.0364962  -0.739601   0.963754  -0.123074    0.23671   -21.6224
other:  0.214001 0.0114871 -0.976766    84.775  0.119481  0.992115 0.0378449 -0.851809  0.969499 -0.124804  0.210941  -19.7931
other:  0.191288 0.0228854 -0.981267   85.2191  0.120864  0.991571 0.0466867  -1.63403  0.974064  -0.12753  0.186909  -18.1686
other:  0.171783 0.0311546 -0.984642   85.5462  0.127032  0.990455 0.0535008  -2.25056   0.97691 -0.134272  0.166185  -16.7883
other:  0.152668  0.033957 -0.987694   85.8317  0.133658  0.989518 0.0546791  -2.36946  0.979198 -0.140361  0.146529  -15.4487
other:  0.135074  0.033136 -0.990281     86.09   0.13452  0.989574 0.0514608  -2.08828  0.981662 -0.140164  0.129208  -14.3703
other:  0.119717 0.0335137 -0.992242   86.2892  0.129903  0.990309 0.0491216  -1.85081  0.984273 -0.134776  0.114203  -13.4854
other:  0.105105 0.0358362 -0.993815   86.4933  0.126977  0.990687 0.0491524  -1.84738  0.986321 -0.131358 0.0995757  -12.7837
other: 0.0923499 0.0395972 -0.994939   86.6302  0.124609  0.990894 0.0510023  -1.99351  0.987899 -0.128688 0.0865748  -12.2081
other: 0.0808969 0.0435432 -0.995771   86.7632  0.123899  0.990857  0.053394  -2.19573  0.988992 -0.127695 0.0747623   -11.727
other: 0.0716552 0.0489713 -0.996227   86.8409  0.124203  0.990582 0.0576273  -2.55085  0.989666 -0.127864  0.064898  -11.3836
other: 0.0637696 0.0517145 -0.996624   86.9297  0.124642  0.990424  0.059368  -2.70113   0.99015 -0.128007 0.0567132  -11.2334
other: 0.0579645  0.051691  -0.99698   86.9992  0.124782  0.990452 0.0586074  -2.62404   0.99049 -0.127802 0.0509609   -11.271
other: 0.0519511 0.0509842 -0.997347   87.0853  0.126062  0.990372 0.0571941   -2.5209  0.990661 -0.128699 0.0450237  -11.3119
other: 0.0458407 0.0515808 -0.997616   87.1578  0.126559  0.990319 0.0570189  -2.49793  0.990899 -0.128871 0.0388689   -11.375
other: 0.0415487 0.0540135 -0.997675    87.221   0.12649  0.990219 0.0588775  -2.65719  0.991097 -0.128642 0.0343101    -11.61
other: 0.0395942 0.0549439 -0.997704   87.1856  0.126367  0.990195 0.0595453  -2.70541  0.991193 -0.128434 0.0322629  -12.0343
other: 0.0378403 0.0551144 -0.997763   87.1242  0.125589  0.990299 0.0594651  -2.67176   0.99136 -0.127558 0.0305514  -12.4906
other: 0.0353575 0.0575019 -0.997719   87.1674  0.125188  0.990225 0.0615064  -2.83634  0.991503 -0.127077 0.0278133  -13.3504
other: 0.0350445 0.0615457 -0.997489   87.1727  0.124857  0.990012 0.0654709  -3.17334  0.991556 -0.126838   0.02701  -14.0271
other: 0.0364602 0.0645121 -0.997251   87.1385  0.124464  0.989851 0.0685839  -3.43768  0.991554 -0.126622 0.0280607  -14.8764
other: 0.0387364 0.0649621 -0.997136   87.1163  0.124531  0.989791 0.0693213  -3.50164  0.991459  -0.12686 0.0302511   -15.924
other:  0.042617  0.066083 -0.996904   87.0495  0.124205  0.989719 0.0709164  -3.62077  0.991341 -0.126842  0.033971  -17.0225
other: 0.0471236 0.0668587 -0.996649   86.9687  0.124194  0.989623 0.0722596  -3.75666  0.991138 -0.127183 0.0383311  -18.2718
other: 0.0505439 0.0661262  -0.99653   86.9363  0.122488  0.989862 0.0718964  -3.68559  0.991182 -0.125697 0.0419318  -19.4889
other: 0.0546351 0.0642454 -0.996437    86.843  0.120613  0.990196 0.0704562  -3.51267  0.991195 -0.124032 0.0463507  -20.7413
other: 0.0582824 0.0597651  -0.99651   86.7759  0.118522  0.990732 0.0663506  -3.10633  0.991239 -0.121976 0.0506588  -21.9448
other:  0.062208 0.0595633 -0.996284   86.7069  0.117703  0.990814 0.0665857  -3.10377  0.991098 -0.121408 0.0546258   -23.245
key: 0.0639452 0.0402845  -0.99714   86.6407  0.120624  0.991547  0.047794   -1.2743  0.990637 -0.123335 0.0585454  -24.5197
other: 0.0708693 0.0552135 -0.995956   86.4763  0.126464  0.989912 0.0638773  -2.92734  0.989436  -0.13048 0.0631719  -25.6788
other: 0.0712056 0.0496867 -0.996223   86.4874  0.131637  0.989555  0.058763   -2.5789  0.988737 -0.135324 0.0639212  -26.5778
other: 0.0701904 0.0444184 -0.996544   86.5134  0.134408  0.989477 0.0535703  -2.15162  0.988437 -0.137704 0.0634816  -27.3296
other: 0.0699019  0.041345 -0.996697   86.5273   0.13414  0.989677 0.0504616  -1.86499  0.988494 -0.137224 0.0636343  -28.1644
other: 0.0700149  0.035612  -0.99691   86.4776  0.131494  0.990313 0.0446114  -1.23461  0.988841 -0.134211 0.0646539  -29.0259
other: 0.0705019 0.0344462 -0.996917   86.4306  0.129614  0.990615 0.0433947   -1.0423  0.989055 -0.132274 0.0653755   -29.875
other: 0.0712825 0.0329831 -0.996911      86.4  0.128976  0.990758 0.0420018 -0.895605  0.989082 -0.131571 0.0663697  -30.7712
other: 0.0719795 0.0307734 -0.996931   86.3546  0.129014   0.99084 0.0399003 -0.689782  0.989027  -0.13149   0.06735  -31.6523
other: 0.0729094 0.0290681 -0.996915   86.2924  0.129601  0.990824 0.0383688 -0.570369  0.988882 -0.131998 0.0684731  -32.5275
other: 0.0722142 0.0250403 -0.997075   86.2539  0.130683  0.990829 0.0343483 -0.223924  0.988791 -0.132782 0.0682795  -33.2554
other:  0.0696871  0.0236416  -0.997289    86.3354   0.130406   0.990924  0.0326031 -0.0609519   0.989009  -0.132324  0.0659717   -33.8993
other: 0.0666964 0.0201077 -0.997571   86.3723  0.128505  0.991297 0.0285729   0.37847  0.989464 -0.130099 0.0635321  -34.4388
other: 0.0629147 0.0198048 -0.997822   86.4605  0.126213  0.991618 0.0276397  0.530079  0.990006 -0.127677 0.0598877  -34.8964
other: 0.0560804  0.018524 -0.998254   86.7193  0.124231  0.991929 0.0253857  0.802924  0.990667 -0.125438 0.0533264  -35.2075
key:  0.0382574 -0.0177402   -0.99911    87.1866   0.120599   0.992616  -0.013007     4.5609   0.991964  -0.119994  0.0401144   -35.3346
other: 0.0382133  0.013398  -0.99918   87.3512  0.126084  0.991854 0.0181218   1.48254  0.991283 -0.126673 0.0362128  -35.4775
other: 0.0284939 0.0141641 -0.999494     87.69  0.126435  0.991818 0.0176598   1.51653  0.991566 -0.126874 0.0264699  -35.4136
other: 0.0189229 0.0187405 -0.999645   88.0381  0.125088  0.991924 0.0209636   1.27707  0.991965  -0.12544 0.0164258  -35.3235
other: 0.00868217  0.0196133   -0.99977    88.3848   0.123959   0.992075  0.0205388    1.36831   0.992249  -0.124109 0.00618212    -35.203
other: -0.000639679    0.0222363    -0.999753      88.6624     0.123015     0.992161    0.0219888      1.27876     0.992405    -0.122971  -0.00337007     -35.1441
other: -0.0104973  0.0257883  -0.999612    88.9898   0.123282   0.992074  0.0242992    1.07485   0.992316  -0.122979 -0.0135934   -34.9708
key:   -0.030603 -0.00440916   -0.999522     89.5022    0.125655     0.99204  -0.0082234     3.88277    0.991602   -0.125846  -0.0298053    -34.7758
other: -0.0322556   0.029866  -0.999033    89.7672   0.125856   0.991719  0.0255838   0.914491   0.991524  -0.124909 -0.0357473    -34.796
other: -0.0432975  0.0315765  -0.998563    90.1751   0.126697   0.991604  0.0258629   0.867489   0.990996  -0.125395 -0.0469346   -34.5782
other: -0.0520958  0.0352623  -0.998019     90.491   0.127387   0.991447  0.0283806   0.624569   0.990484  -0.125656 -0.0561421   -34.5169
other:  -0.061489  0.0386251   -0.99736    90.8315   0.128448   0.991248  0.0304694   0.387637   0.989808  -0.126235 -0.0659122   -34.3998
other: -0.0702201  0.0433729  -0.996588     91.153   0.130364   0.990885  0.0339392 -0.0382396   0.988976  -0.127536 -0.0752343   -34.3085
other: -0.0780576  0.0495022  -0.995719    91.4428   0.131951   0.990493  0.0388983  -0.597278   0.988178   -0.12835 -0.0838474   -34.2721
other: -0.0846879  0.0550181  -0.994887    91.6804   0.131318   0.990382  0.0435908   -0.99047   0.987716  -0.126955 -0.0910981   -34.3112
other: -0.0890179  0.0606559  -0.994181    91.8369   0.131004   0.990186  0.0486822   -1.45002   0.987377  -0.125908 -0.0960904   -34.5637
other: -0.0916504  0.0662983  -0.993582    91.9265    0.13053   0.989972   0.054017   -1.91602   0.987199  -0.124742 -0.0993852   -34.9566
key: -0.101412 0.0322698 -0.994321   92.0592  0.132938   0.99095 0.0186019   1.06599  0.985922 -0.130297 -0.104784  -35.5403
other: -0.0966755  0.0653942  -0.993165     92.068   0.129353   0.990202  0.0526078   -1.75112   0.986875  -0.123383  -0.104187   -36.1647
other: -0.0967212  0.0674911  -0.993021    92.0604   0.129957   0.990014  0.0546288   -1.95304   0.986791  -0.123766  -0.104526   -36.7913
other: -0.0962741  0.0665343  -0.993129    92.0512   0.130375    0.99001  0.0536868   -1.86944   0.986779   -0.12431  -0.103987   -37.4795
other: -0.0923445  0.0691624  -0.993322     91.897    0.13269   0.989542  0.0565637   -2.24305   0.986846  -0.126581  -0.100556   -38.4353
other:  -0.087736  0.0664517  -0.993925    91.7101   0.131957   0.989755  0.0545248   -1.98631   0.987365  -0.126371 -0.0956059    -39.488
other: -0.0806247  0.0629935  -0.994752    91.4388   0.132027   0.989882  0.0519844   -1.73915   0.987962  -0.127143 -0.0881258   -40.8324
other: -0.0709401  0.0575478  -0.995819    91.0482   0.130727    0.99026  0.0479138   -1.26989   0.988877  -0.126781 -0.0777722   -42.3745
other: -0.0574934  0.0546963  -0.996846    90.4745   0.130634   0.990325  0.0468041   -1.14432   0.989762  -0.127531 -0.0640823   -44.1997
other: -0.0409909  0.0502783  -0.997894    89.7419   0.131355   0.990336  0.0445018  -0.946609   0.990488  -0.129254 -0.0471991   -46.2822
other:  -0.021115  0.0460935  -0.998714    88.8298   0.133656     0.9901  0.0428702  -0.905642   0.990803  -0.132579 -0.0270666   -48.6782
other:  0.00302201   0.0410884   -0.999151     87.6273    0.136426    0.989797   0.0411164   -0.880322    0.990646   -0.136434 -0.00261434    -51.3839
other: 0.0308823  0.035602 -0.998889   86.1549  0.137858  0.989663 0.0395353 -0.799329   0.98997 -0.138925 0.0256551  -54.3762
other: 0.0636361 0.0299157 -0.997525   84.3178  0.137312  0.989782 0.0384432 -0.665246  0.988482 -0.139418  0.058878  -57.7414
other:  0.102508 0.0238198 -0.994447   81.9672  0.134727  0.990169 0.0376051  -0.44773  0.985566 -0.137834 0.0982914    -61.45
other:    0.14409   0.016701  -0.989424    79.3014   0.131063   0.990727  0.0358097 -0.0837664   0.980847  -0.134836   0.140565   -65.3413
key:   0.180484 -0.0236395  -0.983294    76.4014   0.138123   0.990414 0.00154175    2.46169   0.973831  -0.136093   0.182019   -69.3059
other:    0.233476 -0.00623527   -0.972342     72.9017    0.123414    0.992082   0.0232721     1.43079    0.964499   -0.125434    0.232397    -73.5257
other:   0.284965 -0.0143187  -0.958431    68.8603   0.122062    0.99229  0.0214673      1.672   0.950735  -0.123105   0.284515   -77.8406
other:   0.339954 -0.0207311  -0.940214    64.2355   0.122738   0.992184  0.0225016    1.54278   0.932398   -0.12305   0.339841   -82.2243
key:     0.389498   -0.0577083    -0.919218      59.2484     0.145027     0.989428 -0.000664395      2.18767     0.909538    -0.133052     0.393749      -86.452
other:   0.457145 -0.0321267  -0.888812    53.2122   0.126668   0.991512  0.0293108   0.731195   0.880326  -0.125983   0.457334   -90.7693
other:   0.515425 -0.0417969  -0.855915    46.9418    0.12788   0.991377   0.028596   0.726177    0.84734  -0.124193   0.516325   -94.7214
key:   0.562939 -0.0908807  -0.821487    40.7248   0.167824   0.985799 0.00594566   0.223406   0.809281  -0.141212   0.570197   -97.9785
other:  0.629217 -0.061887 -0.774762   33.1509  0.136564   0.99012 0.0318198  -0.10687  0.765138 -0.125826  0.631452  -101.275
other:   0.678279 -0.0750716  -0.730959    26.3583   0.137478   0.990167  0.0258776    0.37988   0.721829  -0.118043    0.68193   -103.732
other:  0.726756 -0.079372 -0.682294   19.2005  0.134149  0.990575 0.0276559  0.418269  0.673669 -0.111628  0.730554  -105.717
other:   0.770573 -0.0882154  -0.631217    12.0269   0.132172   0.990963  0.0228606   0.978152   0.623496  -0.101045   0.775269    -107.25
other:    0.81099  -0.093709  -0.577507     4.8158   0.127443   0.991682   0.018053     1.6974   0.571011 -0.0882402   0.816186   -108.298
other:   0.845818  -0.103238  -0.523388   -2.18027   0.127932   0.991721   0.011127    2.30439   0.517905 -0.0763693   0.852022   -108.851
other:   0.875806  -0.108474  -0.470316   -8.78829   0.125462   0.992087 0.00481616    3.03425   0.466072 -0.0632248   0.882485   -108.998
other:     0.900345    -0.114453    -0.419856     -14.8819     0.125705     0.992067 -0.000875056      3.55472     0.416626   -0.0519901      0.90759     -108.801
key:   0.911859  -0.157972  -0.378889   -19.6499   0.163128   0.986428 -0.0186829    2.71673   0.376698 -0.0447712   0.925253   -108.415
other:    0.934248   -0.124966   -0.334012     -24.854    0.129891    0.991499 -0.00764577     3.95955    0.332128   -0.036242    0.942538    -107.847
other:   0.945184  -0.128909  -0.300016   -28.6592   0.131615   0.991237 -0.0112618    4.20134   0.298838 -0.0288421   0.953868    -107.22
other:    0.95392  -0.131998  -0.269468   -32.0386   0.133914   0.990928 -0.0113428    4.07708   0.268521 -0.0252655   0.962942   -106.718
other:   0.960429  -0.126745  -0.248016   -34.3644   0.128375   0.991679 -0.0096564    4.26133   0.247176 -0.0225648   0.968708   -106.429
other:    0.964578   -0.124407   -0.232619    -36.0252     0.12568    0.992026 -0.00940128     4.40944    0.231934  -0.0201672    0.972522    -106.352
other:    0.966948   -0.128461   -0.220248     -37.358    0.129554    0.991526 -0.00953409     4.18872    0.219607  -0.0193151    0.975397    -106.393
other:   0.967806  -0.136279  -0.211614   -38.2739   0.137067   0.990501 -0.0110085    3.86908   0.211104 -0.0183513   0.977291    -106.53
other:   0.968046   -0.14369  -0.205523   -38.9359   0.144558   0.989437 -0.0108681     3.4021   0.204913 -0.0191891   0.978592   -106.831
other:    0.967744   -0.149051   -0.203112    -39.1823    0.150518    0.988572 -0.00829347     2.79355    0.202027  -0.0225461     0.97912    -107.253
other:    0.96734  -0.152341  -0.202597   -39.2331   0.154151   0.988023 -0.0069082    2.46099   0.201223  -0.024548   0.979238   -107.756
other:    0.968083   -0.146376   -0.203443    -39.1848    0.149169     0.98881 -0.00162057     2.22505    0.201404  -0.0287786    0.979085    -108.244
other:   0.967558  -0.144281  -0.207401   -38.7599   0.148452   0.988909  0.0046038    1.66877   0.204437 -0.0352435   0.978245    -108.86
other:   0.966747   -0.14327  -0.211833   -38.2574   0.148569   0.988859 0.00922565    1.20321   0.208151 -0.0403906   0.977262   -109.605
other:    0.96497   -0.14851   -0.21628   -37.7608   0.153748   0.988082 0.00749987    1.04396   0.212588 -0.0404897   0.976303   -110.278
key:    0.952179   -0.202114   -0.229142    -36.0816    0.205665    0.978585 -0.00853521   -0.909417     0.22596  -0.0389994    0.973356    -111.705
other:     0.96117   -0.155965   -0.227657     -36.458    0.158676     0.98731 -0.00646227     2.09255    0.225776  -0.0299123     0.97372    -112.082
other:   0.960687  -0.153361  -0.231434   -36.0191   0.155028   0.987848  -0.011077    2.78586    0.23032 -0.0252372   0.972788   -112.862
other:    0.96021  -0.151172  -0.234826   -35.6262    0.15188   0.988282  -0.015174     3.4065   0.234369 -0.0210952   0.971919   -113.614
other:   0.960342  -0.146289  -0.237366   -35.3351   0.147002   0.989026 -0.0147919     3.6798   0.236925 -0.0206881   0.971308   -114.339
other:   0.960818  -0.142207  -0.237919   -35.2578   0.143698   0.989559 -0.0111538    3.52786   0.237021 -0.0234719   0.971221   -115.016
other:   0.961243  -0.139691  -0.237693   -35.2734   0.142913   0.989728 -0.0037116    2.80711    0.23577 -0.0304017   0.971333   -115.693
other:   0.961496  -0.138503  -0.237364   -35.2826   0.143337   0.989669 0.00314234    2.07058   0.234477 -0.0370444   0.971416    -116.38
other:   0.961619  -0.140841  -0.235482   -35.4806   0.146477   0.989193 0.00652539    1.51079   0.232018 -0.0407678   0.971857   -116.988
other:   0.962305  -0.140327  -0.232973   -35.7688   0.144894   0.989444 0.00251579    2.03393   0.230161 -0.0361773    0.97248   -117.585
other:    0.963027   -0.138201   -0.231258     -35.975    0.141067    0.989991 -0.00417619     2.98358     0.22952  -0.0286011    0.972884    -118.215
other:   0.963242  -0.140516  -0.228954   -36.2398   0.141956    0.98982 -0.0102505    3.58807   0.228063 -0.0226277   0.973383   -118.836
other:   0.963105   -0.14389   -0.22743   -36.4056   0.145346   0.989326 -0.0104262     3.4066   0.226502 -0.0230144   0.973739   -119.553
other:    0.962718   -0.148962   -0.225796    -36.5751    0.151266    0.988467 -0.00716293      2.6875    0.224259  -0.0272594    0.974148    -120.277
key:    0.952767   -0.200557    -0.22806    -36.2199    0.204024    0.978929 -0.00852017   -0.846948    0.224963   -0.038412     0.97361    -121.283
other:     0.964752    -0.148405    -0.217324     -37.6653     0.151947     0.988388 -0.000414459      1.91356     0.214862   -0.0326219       0.9761     -121.587
other:    0.965726    -0.14736   -0.213679    -38.1056    0.150497    0.988609 -0.00160068     2.14537    0.211481  -0.0306123    0.976903    -122.228
other:    0.966882   -0.144121   -0.210637    -38.4638    0.146763    0.989167 -0.00311582     2.56541    0.208804  -0.0279012    0.977559    -122.878
other:    0.967123   -0.144144   -0.209513    -38.5762    0.146163    0.989243 -0.00589922     2.93096     0.20811  -0.0249179    0.977788     -123.64
other:    0.968162   -0.140476   -0.207193    -38.8903    0.142091    0.989828 -0.00714065     3.33577    0.206089   -0.022527    0.978274    -124.372
other:    0.968873   -0.135897   -0.206922    -38.9164    0.137383    0.990492 -0.00723915     3.65775    0.205939  -0.0214138    0.978331     -125.15
other:    0.968936   -0.136772    -0.20605    -39.0363    0.137765    0.990418 -0.00959053     3.92876    0.205387  -0.0190939    0.978495    -125.903
other:    0.968074   -0.141596    -0.20684    -38.9162    0.142947    0.989694 -0.00847494     3.46617    0.205909  -0.0213628    0.978338    -126.804
other:     0.96704   -0.146679    -0.20813    -38.7296    0.148588    0.988878 -0.00652098     2.88079    0.206772  -0.0246196    0.978079    -127.715
other:   0.965231   -0.15594  -0.209791   -38.4852   0.157993   0.987415 -0.0070438    2.33217   0.208249 -0.0263465   0.977721   -128.657
other:    0.963428   -0.162541   -0.213042    -38.0286    0.164307    0.986363 -0.00951196     2.22486    0.211683  -0.0258404    0.976997    -129.649
other:   0.962149  -0.165507  -0.216511   -37.5294   0.166707   0.985923 -0.0128387    2.49354   0.215588 -0.0237411   0.976196   -130.625
key:   0.949855  -0.216258   -0.22585   -36.1356   0.218325   0.975743 -0.0160969  -0.791018   0.223853  -0.034019   0.974029   -131.648
other:   0.959494  -0.173734  -0.221784   -36.8291   0.175628   0.984392 -0.0113092    1.65504   0.220287 -0.0281003    0.97503   -132.443
other:   0.960339  -0.167479  -0.222936   -36.6745    0.16927   0.985506 -0.0111919    2.06904   0.221579 -0.0269882   0.974769   -133.337
other:    0.961398    -0.16055   -0.223467    -36.5991    0.162922    0.986607 -0.00790758     2.09922    0.221743  -0.0288052     0.97468    -134.231
other:    0.961168   -0.159178   -0.225429    -36.3153    0.161623    0.986823 -0.00769281     2.17698    0.223683  -0.0290403    0.974229    -135.186
other:   0.960214  -0.162343  -0.227229   -36.0561   0.164128   0.986376 -0.0111451    2.44746   0.225943 -0.0265931   0.973778   -136.115
other:   0.959672  -0.164586  -0.227904   -35.9595    0.16503   0.986138 -0.0172441    3.15561   0.227583 -0.0210623   0.973531   -136.979
other:   0.959197  -0.167824  -0.227545   -36.0358   0.167389    0.98566 -0.0213493    3.51575   0.227865 -0.0176104   0.973534   -137.814
other:   0.959219  -0.165946  -0.228827   -35.8571   0.167063   0.985838 -0.0146198    2.70198   0.228012 -0.0242049   0.973357   -138.745
other:    0.960296   -0.159057     -0.2292    -35.8079    0.163631    0.986521 0.000965695    0.953509    0.225957  -0.0384315    0.973379    -139.639
key:   0.951586  -0.196533  -0.236344    -34.683   0.204153   0.978907 0.00796193   -2.78367   0.229794 -0.0558266   0.971637   -140.431
other:    0.959587    -0.16202    -0.23009    -35.5987    0.166562    0.986031 0.000321535    0.845624    0.226824  -0.0386329    0.973169    -141.148
other:   0.960091  -0.159972   -0.22942   -35.6643    0.15982   0.986956 -0.0193693    3.86727   0.229526 -0.0180696   0.973135   -141.953
other:    0.960288   -0.159985   -0.228585    -35.7692    0.156333    0.987115  -0.0341181     6.05203    0.231098 -0.00297231    0.972926    -142.701
other:    0.959703   -0.163842   -0.228311    -35.7919    0.161521    0.986445  -0.0289463     5.03241    0.229959 -0.00909719    0.973158    -143.531
other:   0.959395  -0.169302  -0.225605    -36.212   0.170375   0.985267 -0.0148538    2.58599   0.224796 -0.0241866   0.974106   -144.288
other:    0.959726   -0.167938   -0.225217    -36.2445    0.170678    0.985299 -0.00739681     1.58903    0.223148  -0.0313406    0.974281    -145.121
other:    0.961004   -0.162874   -0.223479    -36.4925    0.165877    0.986132 -0.00539785     1.66614    0.221259  -0.0318828    0.974694    -145.899
key:    0.954968   -0.194903   -0.223715    -36.5362    0.198281    0.980117 -0.00748879    -0.32901    0.220726  -0.0372069    0.974626    -146.626
other:    0.961455   -0.169378   -0.216599    -37.5638    0.172182    0.985047 -0.00600014     1.32559    0.214376  -0.0315256    0.976242    -147.251
other:    0.962576   -0.169569    -0.21141    -38.3478    0.172583    0.984986 -0.00425333     1.07361    0.208957  -0.0323915    0.977388    -147.873
other:    0.962144    -0.17458   -0.209285    -38.6415     0.17742    0.984121 -0.00527726     0.88656    0.206883  -0.0320539     0.97784    -148.605
other:    0.961355   -0.181183    -0.20729    -38.9328     0.18399    0.982911 -0.00582418    0.492959    0.204803  -0.0325401    0.978262    -149.357
other:    0.961108   -0.184035   -0.205921    -39.1199    0.186279    0.982459 -0.00860761    0.735149    0.203893   -0.030086    0.978531    -150.113
